750
496 495
513 481
545 452
995 8
524 470
503 490
698 288
219
517 476
543 458
840 150
586 409
664 335
511 484
619 382
553 444
498 494
585 408
726 248
542 454
832 157
846 147
562 437
960 49
643 345
512 482
617 386
615 385
984 26
275
956 54
518 475
697 285
684 304
603 394
620 376
881 117
858 134
624 373
525 469
590 403
28
612 388
630 368
581 415
580 414
558 438
589 405
631 366
861 133
659 339
522 474
534 461
801 180
625 371
521 478
675 318
510 487
528 465
856 138
818 162
587 407
760 226
651 344
834 153
607 392
662 336
796 185
817 161
710 266
564 432
758 227
835 155
800 182
808 172
715 259
759 231
657 341
847 146
721 252
967 44
600 398
872 126
896
814 168
828 160
769 218
632 365
740 244
940 67
929 72
788 199
566 427
770 215
885 108
947 58
622 375
595 402
628 372
544 449
572 424
681 307
853 143
568 428
635 355
996 2
752 236
582 413
762 224
670 324
912 88
668 327
637 350
599 401
718
598 399
563 434
535 459
609 384
813 171
810 169
873 124
189
527 466
951
125
634 359
820
932 69
911 91
968 40
393
571 426
665 331
703 270
735 249
705 269
892 105
958 51
716 257
798 188
501 492
765 221
547 447
633 363
744 243
981 27
977 32
300
573 422
973 37
436
196
583 410
578 418
749 242
901 99
550
699 280
991 10
782 204
714 262
661 337
999 0
62
576
711 263
552 443
962
841 144
677
701 271
982 20
666 330
654
789 198
671
695 290
997
988 15
311
838 151
837 152
686 295
676 310
961 46
608 390
918 84
930 71
882 118
636 353
857 137
897 102
320
660 338
941 65
774 207
825 163
750 238
261
884 115
529 464
781 206
187
523 471
618 383
9
797 183
949 57
579 417
457
868 129
879 119
920 80
696 289
205
928 76
674 321
773 214
193
934 68
979 31
685 297
915 85
883 116
729
746
824 158
910 93
793 195
763 223
87
653 343
497
783 200
974 36
683 306
952 55
537 455
816 165
709 264
975
751 237
927 79
891 114
559
302
367
866 131
894 104
577 419
34
805 175
953 53
904 95
839
178
795 190
700 273
5
957 52
644
309
536
567
23
370
159
833 156
50
937 66
980 30
919 82
737 246
706
638
120
889
316
736
753 234
946 59
785
898 101
279
145
993 6
588
4
167
799
265
70
717 256
78
286
794 191
806 173
876 123
39
19
298
11
604
113
673 322
601 395
871 128
594
241
329
347
98
140
862 130
139
802
149
532
499
723
627
203
21
860
985 18
103
294
548 445
179
194
467
228
281
450
81
364
945 61
943 64
272
301
488
916 86
731 250
92
260
24
761
22
775
441
29
41
433
605
964
48
688
258
107
13
606
230
990 12
420
720 253
127
217
965 47
109
251
596
416
332
387
3
689 291
17
7
614
176
132
112
14
43
106
16
73
743
648
292
1
83
902 97
267
692
903 96
154
483
909 94
369
89
446
406
210
245
148
411
42
276
186
299
192
423
756
899
111
25
602
208
38
211
287
164
463
727
613
209
777
812
629
626
893
56
225
836
277
254
181
546
404
45
216
468
202
728
504
166
296
479
938
110
293
400
229
197
60
75
616
755
184
515
233
358
35
460
784
313
472
725
907
663
480
222
514
869
213
77
100
74
349
319
220
745
451
803
312
136
121
201
724
887
326
283
732
565
240
174
704
90
314
235
519
232
247
255
855
122
141
994
278
357
317
352
325
360
473
412
584
509
557
707
462
303
282
348
439
923
323
135
850
354
334
356
933
142
328
867
520
177
391
908
712
431
508
539
396
361
778
340
284
342
362
425
374
377
274
530
170
268
435
456
526
939
493
551
936
678
747
440
719
239
389
379
679
819
346
378
570
315
212
556
351
491
333
430
507
489
549
540
555
381
848
397
623
502
830
429
500
647
561
442
610
646
645
569
597
33
477
485
921
809
380
687
531
649
655
776
880
922
592
421
305
826
516
448
533
742
640
538
642
680
650
924
554
560
771
591
791
757
779
963
611
741
730
308
641
992
506
935
672
658
652
733
575
970
541
942
804
63
505
815
574
807
722
978
708
886
667
682
486
690
790
842
954
821
764
669
865
786
713
822
843
453
702
888
851
739
864
827
829
878
852
734
593
969
754
926
694
854
621
656
693
849
639
986
792
787
691
875
845
874
766
831
913
844
823
767
863
917
976
738
905
768
780
955
748
906
772
859
971
931
811
890
877
914
959
870
989
895
944
900
972
998
925
987
948
950
966
983
